140557.59 114200.89 132242.53 157657.17 193029.23 188003.83 153118.84 138453.79 137298.96 153304.25 
130457.76000000001 136316.33000000002 106159.2 159579.18 131506.29 176887.66999999998 166372.56999999998 144414.44 134541.06 116058.74 
88776.72 109036.79 54063.13 76705.66 62191.560000000005 141281.46000000002 141870.98 170031.69999999998 142765.69 122800.59 
141896.81 140959.15 103416.78 102819.15000000001 107312.12 82009.72 148152.44 152175.3 169102.38999999998 130655.06 
104208.54999999999 72326.9 83406.18999999999 53500.520000000004 47822.63 47778.87 75730.75000000001 78395.62 115369.72 93687.07 
178935.62999999998 174032.13999999998 146004.25999999998 106977.95999999999 104879.73999999999 140792.14 137937.41 150633.8 153610.3 150336.38 
174157.78999999998 154526.30000000002 207390.04 127847.29999999999 149813.62 134634.64 180136.77000000002 187981.27000000002 173028.01 186138.18 
106586.52 113346.89 108965.55 116913.65 105967.73999999999 137587.01999999996 180800.78999999998 172609.38 209128.44 193117.15 
126681.64000000001 120678.84999999999 114057.51 121604.78 99919.42000000001 138659.62 116481.11999999997 185086.72999999998 182024.1 191459.85 
139706.02000000002 109848.91999999998 100946.66999999998 99731.25 67402.93999999999 121278.79000000001 103517.16 191336.71999999997 160373.49 150860.8 
