3451 33
3391 11
4828 31
6473 9
6767 47
7891 23
1792 7
579 41
4001 36
3282 39
1276 11
3948 36
230 41
817 38
6240 26
9157 48
6750 35
3874 14
7824 29
3215 44
8884 33
4527 42
7674 11
3079 38
5391 44
1462 12
5297 22
9212 33
7770 21
2784 34
9419 26
432 46
2035 22
3673 2
6007 14
7563 15
4037 4
6552 14
6020 39
7036 38
4134 24
228 27
7056 27
9298 43
8701 31
8179 24
881 3
4659 38
7122 42
4107 13
5645 47
1679 36
5422 32
3978 46
6200 32
8573 31
3896 8
4137 49
5822 39
2922 41
9462 49
1373 2
3324 2
1664 43
6329 20
9998 33
1097 29
1810 42
7849 41
3272 19
1337 47
4750 17
560 39
9117 40
4633 34
861 41
1676 50
7093 38
8784 31
925 10
2028 27
7477 16
7229 36
641 33
5104 6
3307 40
6875 43
8669 14
4825 43
3796 47
8019 20
8441 13
6521 48
1001 20
5584 27
2254 35
902 20
5133 40
1192 26
9404 41
5960 39
8058 28
7015 2
3210 7
509 18
6035 49
6938 20
9706 14
1742 6
3866 12
7407 20
7877 29
9764 27
777 29
3552 24
7300 49
4147 20
927 20
359 15
756 3
6536 46
7650 9
9240 25
3416 23
2732 34
6021 18
5560 23
5390 10
5411 41
3318 12
2203 49
9068 28
3082 42
3790 43
4444 40
8515 28
5867 20
6042 39
2366 16
7085 5
6187 11
4521 7
5431 6
4232 27
3340 37
8751 48
2923 32
397 50
3243 21
8673 26
7873 34
8334 26
2322 2
5131 3
7278 21
3385 5
8305 50
3691 50
4088 44
4689 10
9476 48
1179 26
8298 21
7151 29
787 11
4184 44
7422 40
8483 22
8259 33
2764 10
5609 25
1417 9
6079 20
7312 43
6391 3
3951 47
8735 17
8645 50
8350 3
932 24
7974 10
8498 12
8300 15
7880 19
3530 16
4688 4
8069 10
5994 32
272 20
8675 9
1623 26
6895 38
9850 30
5790 40
888 39
7576 43
5504 19
2271 28
9652 24
7355 48
1759 9
582 17
9633 30
3562 10
5488 6
8613 47
2789 25
2637 2
890 20
6261 21
3555 48
2030 45
270 10
5244 22
3879 28
6327 4
8220 36
4914 32
3356 20
9670 11
444 43
643 15
2592 22
3201 33
4565 31
4632 14
1770 43
2467 48
7964 17
3682 3
2425 25
4808 23
1020 50
9413 48
9482 26
8271 46
2181 40
4847 10
5329 2
