7891 23
3451 33
6767 47
6473 9
3391 11
4828 31
579 41
1792 7
4001 36
3948 36
1276 11
3282 39
9157 48
6240 26
817 38
230 41
6750 35
3874 14
8884 33
3215 44
7824 29
4527 42
7674 11
5297 22
1462 12
3079 38
9212 33
7770 21
5391 44
2035 22
9419 26
432 46
2784 34
3673 2
6007 14
6552 14
4037 4
7563 15
7036 38
4134 24
6020 39
8701 31
7056 27
9298 43
228 27
881 3
8179 24
4659 38
5645 47
7122 42
4107 13
5422 32
1679 36
3978 46
6200 32
8573 31
3896 8
4137 49
5822 39
2922 41
9462 49
3324 2
1373 2
1664 43
9998 33
6329 20
1097 29
1810 42
7849 41
3272 19
4750 17
1337 47
560 39
7093 38
9117 40
4633 34
1676 50
861 41
8784 31
925 10
2028 27
7477 16
7229 36
641 33
5104 6
3307 40
6875 43
8669 14
4825 43
3796 47
8019 20
8441 13
6521 48
1001 20
5584 27
902 20
2254 35
5133 40
1192 26
9404 41
5960 39
3210 7
8058 28
7015 2
509 18
6035 49
6938 20
9706 14
1742 6
3866 12
7407 20
7877 29
9764 27
777 29
3552 24
7300 49
4147 20
927 20
6536 46
756 3
3416 23
359 15
7650 9
5390 10
6021 18
2732 34
9240 25
5411 41
5560 23
3318 12
9068 28
2203 49
3082 42
3790 43
4444 40
6042 39
8515 28
5867 20
6187 11
2366 16
7085 5
4521 7
5431 6
4232 27
3340 37
8751 48
2923 32
3243 21
397 50
8673 26
7873 34
8334 26
2322 2
5131 3
7278 21
8305 50
3385 5
3691 50
4088 44
4689 10
1179 26
9476 48
8298 21
7151 29
787 11
7422 40
4184 44
1417 9
8259 33
6391 3
8483 22
2764 10
5609 25
6079 20
3951 47
8735 17
8498 12
8350 3
932 24
3530 16
7974 10
7312 43
8300 15
7880 19
272 20
8645 50
4688 4
5994 32
8069 10
1623 26
8675 9
6895 38
5790 40
9850 30
888 39
7576 43
5504 19
9652 24
2271 28
7355 48
582 17
1759 9
9633 30
3562 10
8613 47
5488 6
2789 25
2637 2
890 20
2030 45
6261 21
6327 4
270 10
3555 48
3356 20
444 43
8220 36
5244 22
1770 43
3879 28
2467 48
4565 31
9482 26
9413 48
2425 25
3682 3
2592 22
3201 33
5329 2
1020 50
4847 10
643 15
8271 46
9670 11
4914 32
2181 40
4808 23
7964 17
4632 14
