3391 11
6767 47
4828 31
6473 9
3451 33
7891 23
1792 7
579 41
3948 36
4001 36
1276 11
3282 39
6240 26
9157 48
230 41
817 38
3874 14
6750 35
8884 33
7824 29
4527 42
3215 44
5297 22
7674 11
3079 38
7770 21
5391 44
2035 22
1462 12
432 46
2784 34
3673 2
6007 14
6552 14
4037 4
7563 15
7036 38
4134 24
6020 39
9419 26
9212 33
7056 27
228 27
881 3
8179 24
4659 38
5645 47
7122 42
4107 13
5422 32
1679 36
3978 46
6200 32
8573 31
3896 8
4137 49
5822 39
2922 41
9462 49
8701 31
1373 2
1664 43
9998 33
6329 20
1097 29
1810 42
7849 41
3272 19
4750 17
3324 2
9298 43
560 39
4633 34
1337 47
7093 38
9117 40
861 41
925 10
2028 27
1676 50
7477 16
8784 31
7229 36
5104 6
641 33
3307 40
8669 14
6875 43
4825 43
3796 47
8019 20
1001 20
8441 13
6521 48
5584 27
2254 35
902 20
1192 26
5133 40
5960 39
9404 41
3210 7
8058 28
7015 2
509 18
6938 20
6035 49
1742 6
9706 14
7407 20
3866 12
9764 27
7877 29
3552 24
777 29
7300 49
4147 20
927 20
359 15
6536 46
7650 9
756 3
9240 25
3416 23
2732 34
6021 18
5560 23
5390 10
5411 41
3318 12
9068 28
2203 49
3082 42
3790 43
4444 40
8515 28
6042 39
5867 20
6187 11
2366 16
7085 5
4521 7
5431 6
4232 27
3340 37
8751 48
2923 32
3243 21
397 50
8673 26
7873 34
5131 3
7278 21
3385 5
2322 2
8334 26
8305 50
3691 50
4088 44
4689 10
1179 26
9476 48
8298 21
7151 29
787 11
7422 40
4184 44
1417 9
8259 33
8483 22
6391 3
2764 10
5609 25
6079 20
7312 43
8735 17
8645 50
3951 47
8350 3
932 24
8498 12
7974 10
3530 16
8300 15
4688 4
7880 19
272 20
8069 10
1623 26
8675 9
6895 38
9850 30
888 39
7576 43
5994 32
5790 40
5504 19
2271 28
9652 24
7355 48
582 17
1759 9
5488 6
9633 30
3562 10
8613 47
2789 25
2637 2
890 20
3555 48
2030 45
6261 21
270 10
6327 4
3879 28
8220 36
5244 22
4914 32
3356 20
9670 11
643 15
444 43
3201 33
2592 22
1770 43
2467 48
4565 31
4632 14
9413 48
9482 26
7964 17
3682 3
2425 25
4808 23
1020 50
5329 2
2181 40
4847 10
8271 46
