297 55
249 95
555 43
599 36
458 28
980 82
821 14
914 7
3 21
558 36
431 5
456 32
246 18
451 31
547 19
110 19
617 78
218 40
278 36
404 26
910 30
732 48
167 19
951 53
933 14
671 7
107 7
362 32
162 21
588 33
479 24
529 42
139 57
935 33
433 3
578 40
999 64
39 5
311 14
253 22
630 40
396 34
835 42
567 12
905 32
822 133
350 31
770 26
190 74
472 23
81 27
589 20
375 2
610 23
49 15
551 26
788 78
580 11
124 50
464 3
241 18
934 17
171 10
134 18
4 49
524 6
970 39
32 8
742 40
613 44
230 31
535 21
453 14
96 39
334 47
225 35
632 2
690 47
651 13
317 32
392 6
413 23
958 48
562 33
377 13
735 26
704 20
974 26
352 50
892 90
646 39
331 6
421 27
142 43
236 2
308 46
36 4
590 12
365 50
367 14
55 20
916 33
903 13
867 38
440 18
647 41
543 45
767 48
843 9
988 7
98 12
990 30
481 46
291 6
802 29
141 53
831 41
523 5
659 64
72 7
785 27
846 8
495 45
135 29
838 95
679 42
265 16
517 39
197 38
866 34
483 45
133 50
998 11
703 6
325 31
257 19
380 33
256 21
693 25
269 14
728 10
739 35
600 13
673 21
333 22
486 2
237 7
60 25
106 20
436 46
260 26
947 50
650 43
985 50
31 10
889 66
43 33
155 46
226 43
293 19
306 33
753 46
313 39
811 16
645 31
300 23
2 35
374 17
452 26
500 14
955 19
801 43
516 3
965 33
330 29
663 39
214 40
183 18
511 13
668 2
184 62
623 34
804 20
920 43
994 7
731 27
844 28
126 38
23 44
972 20
438 12
577 44
296 33
761 48
470 7
348 48
173 44
22 9
160 3
597 41
371 21
170 38
652 29
358 26
676 7
146 29
284 37
546 5
332 44
719 44
677 23
409 9
203 44
182 29
532 49
670 35
781 50
211 42
744 45
550 46
460 42
803 7
834 25
117 44
953 5
714 15
168 46
151 36
220 19
847 24
893 3
874 42
467 11
58 21
33 50
57 17
455 9
114 21
78 39
751 38
987 39
138 40
877 28
925 33
217 25
116 40
130 22
259 25
70 28
564 37
989 13
251 29
976 40
545 41
769 15
129 18
945 4
625 13
250 46
339 2
66 39
657 40
810 47
448 17
571 38
585 43
