249 95
555 43
599 36
458 28
821 14
297 55
980 82
558 36
914 7
3 21
456 32
431 5
246 18
451 31
547 19
404 26
218 40
110 19
910 30
278 36
617 78
732 48
951 53
167 19
671 7
933 14
107 7
362 32
162 21
479 24
529 42
588 33
935 33
139 57
578 40
433 3
253 22
999 64
311 14
39 5
630 40
396 34
835 42
567 12
905 32
350 31
822 133
190 74
81 27
770 26
472 23
589 20
610 23
375 2
49 15
580 11
788 78
551 26
124 50
464 3
241 18
934 17
171 10
134 18
4 49
524 6
970 39
742 40
613 44
32 8
230 31
535 21
453 14
96 39
334 47
225 35
632 2
690 47
651 13
317 32
392 6
413 23
958 48
562 33
377 13
735 26
974 26
704 20
352 50
892 90
646 39
331 6
421 27
142 43
236 2
308 46
36 4
590 12
365 50
367 14
916 33
903 13
55 20
647 41
867 38
440 18
543 45
767 48
843 9
988 7
98 12
990 30
291 6
802 29
141 53
481 46
831 41
523 5
659 64
72 7
785 27
846 8
495 45
679 42
135 29
838 95
517 39
265 16
483 45
197 38
133 50
866 34
998 11
703 6
325 31
380 33
257 19
256 21
269 14
693 25
728 10
739 35
600 13
673 21
333 22
60 25
237 7
486 2
106 20
436 46
260 26
947 50
650 43
985 50
31 10
43 33
226 43
889 66
293 19
155 46
306 33
753 46
313 39
811 16
645 31
300 23
2 35
374 17
500 14
452 26
801 43
955 19
516 3
965 33
214 40
330 29
663 39
668 2
183 18
511 13
184 62
623 34
804 20
994 7
920 43
731 27
844 28
972 20
126 38
23 44
577 44
438 12
296 33
761 48
470 7
348 48
173 44
22 9
597 41
170 38
160 3
676 7
358 26
652 29
371 21
146 29
284 37
546 5
719 44
332 44
532 49
203 44
182 29
781 50
409 9
677 23
670 35
211 42
744 45
550 46
460 42
803 7
117 44
953 5
714 15
834 25
151 36
168 46
220 19
847 24
874 42
893 3
467 11
33 50
58 21
57 17
751 38
78 39
455 9
138 40
987 39
114 21
116 40
130 22
564 37
259 25
70 28
989 13
251 29
976 40
545 41
769 15
129 18
945 4
625 13
250 46
339 2
217 25
925 33
877 28
448 17
66 39
657 40
810 47
585 43
571 38
