228 27
230 41
270 10
272 20
359 15
397 50
444 43
509 18
560 39
579 41
582 17
641 33
643 15
756 3
777 29
787 11
861 41
881 3
888 39
890 20
902 20
925 10
927 20
932 24
1001 20
1020 50
1097 29
1179 26
1192 26
1337 47
1373 2
1417 9
1462 12
1623 26
1664 43
1676 50
1679 36
1742 6
1759 9
1770 43
1810 42
2028 27
2030 45
2035 22
2181 40
2203 49
2254 35
2271 28
2322 2
2366 16
2425 25
2467 48
2592 22
2637 2
2732 34
2764 10
2784 34
2789 25
2922 41
2923 32
3079 38
3082 42
3201 33
3210 7
3215 44
3243 21
3272 19
3307 40
3318 12
3324 2
3340 37
3356 20
3385 5
3391 11
3416 23
3530 16
3552 24
3555 48
3562 10
3673 2
3682 3
3691 50
3790 43
3796 47
3866 12
3874 14
3879 28
3896 8
3948 36
3951 47
3978 46
4001 36
4037 4
4088 44
4107 13
4134 24
4137 49
4147 20
4184 44
4232 27
4444 40
4521 7
4527 42
4565 31
4632 14
4633 34
4659 38
4688 4
4689 10
4750 17
4808 23
4825 43
4847 10
4914 32
5104 6
5131 3
5133 40
5244 22
5297 22
5329 2
5390 10
5391 44
5411 41
5422 32
5431 6
5488 6
5504 19
5560 23
5584 27
5609 25
5645 47
5790 40
5822 39
5867 20
5960 39
5994 32
6007 14
6020 39
6021 18
6035 49
6042 39
6079 20
6187 11
6200 32
6240 26
6261 21
6327 4
6329 20
6391 3
6521 48
6536 46
6552 14
6750 35
6875 43
6895 38
6938 20
7015 2
7036 38
7056 27
7085 5
7093 38
7122 42
7151 29
7229 36
7278 21
7300 49
7312 43
7355 48
7407 20
7422 40
7477 16
7563 15
7576 43
7650 9
7674 11
7770 21
7824 29
7849 41
7873 34
7877 29
7880 19
7964 17
7974 10
8019 20
8058 28
8069 10
8179 24
8220 36
8259 33
8271 46
8298 21
8300 15
8305 50
8334 26
8350 3
8441 13
8483 22
8498 12
8515 28
8573 31
8613 47
8645 50
8669 14
8673 26
8675 9
8701 31
8735 17
8751 48
8784 31
8884 33
9068 28
9117 40
9157 48
9212 33
9240 25
9298 43
9404 41
9413 48
9419 26
9462 49
9476 48
9482 26
9633 30
9652 24
9670 11
9706 14
9764 27
9850 30
9998 33
