10
10
3
3
64.0 173.1 82.9 225.0 246.4 245.9 170.8 51.7 176.2 133.6
188.8 208.8 43.8 19.8 169.4 125.0 87.9 155.9 160.9 153.7
128.2 74.3 178.4 85.0 203.8 46.2 192.8 226.3 171.4 1.3
138.6 62.5 195.6 57.1 80.6 108.9 92.2 203.1 194.6 115.5
142.7 222.4 114.4 21.9 54.3 116.7 47.7 151.8 101.3 194.2
158.9 142.1 185.4 20.9 79.6 119.3 205.2 160.2 1.2 88.2
208.0 223.6 83.8 238.0 115.5 141.0 181.4 180.5 238.0 207.4
102.0 163.9 186.8 239.0 156.7 136.7 100.8 235.8 184.8 242.6
163.2 33.4 49.4 66.7 32.6 61.1 227.5 206.5 125.9 145.8
227.9 101.5 56.4 143.2 138.4 11.9 170.1 82.4 207.8 199.2
67.2 195.7 14.1
150.7 21.3 190.4
111.1 76.5 200.7