4147 20
359 15
927 20
6536 46
7650 9
756 3
9240 25
3416 23
2732 34
6021 18
5560 23
5390 10
5411 41
3318 12
9068 28
2203 49
7093 35
3082 42
3790 43
4444 40
8515 28
6042 39
5867 20
6187 11
2366 16
7085 5
4521 7
5431 6
4232 27
3340 37
8751 48
2923 32
3243 21
397 50
8673 26
7873 34
8334 26
2322 2
5131 3
7278 21
3385 5
8305 50
3691 50
4088 44
4689 10
1179 26
9476 48
8298 21
7151 29
787 11
7422 40
4184 44
1417 9
8259 33
8483 22
6391 3
2764 10
5609 25
6079 20
7312 43
3951 47
8735 17
8645 50
8350 3
8498 12
932 24
3530 16
7974 10
7880 19
8300 15
4688 4
272 20
5994 32
8069 10
1623 26
8675 9
6895 38
5790 40
9850 30
888 39
7576 43
