297 55
914 7
558 36
3 21
456 32
431 5
246 18
451 31
821 14
599 36
458 28
249 95
555 43
980 82
110 19
547 19
218 40
617 78
404 26
278 36
910 30
167 19
732 48
951 53
671 7
933 14
107 7
162 21
362 32
479 24
588 33
139 57
578 40
529 42
39 5
311 14
999 64
433 3
253 22
935 33
630 40
396 34
835 42
567 12
905 32
350 31
770 26
822 133
190 74
472 23
81 27
589 20
375 2
49 15
610 23
580 11
551 26
124 50
788 78
464 3
241 18
934 17
171 10
134 18
4 49
524 6
970 39
32 8
742 40
613 44
230 31
535 21
453 14
96 39
225 35
334 47
632 2
690 47
651 13
317 32
392 6
958 48
413 23
562 33
735 26
377 13
974 26
704 20
352 50
892 90
646 39
331 6
142 43
421 27
236 2
308 46
36 4
590 12
365 50
367 14
903 13
55 20
916 33
440 18
867 38
647 41
543 45
767 48
843 9
988 7
98 12
802 29
481 46
291 6
990 30
141 53
831 41
523 5
659 64
72 7
785 27
846 8
495 45
679 42
135 29
838 95
265 16
517 39
483 45
197 38
866 34
133 50
380 33
325 31
998 11
703 6
257 19
256 21
693 25
269 14
728 10
739 35
600 13
486 2
673 21
333 22
60 25
237 7
106 20
436 46
985 50
31 10
889 66
43 33
650 43
260 26
947 50
293 19
155 46
226 43
306 33
753 46
811 16
313 39
645 31
300 23
2 35
374 17
500 14
452 26
955 19
801 43
516 3
965 33
330 29
214 40
663 39
183 18
668 2
511 13
184 62
623 34
804 20
994 7
920 43
731 27
844 28
126 38
972 20
23 44
577 44
438 12
761 48
296 33
348 48
173 44
470 7
22 9
160 3
597 41
371 21
652 29
676 7
146 29
284 37
546 5
170 38
409 9
182 29
670 35
781 50
211 42
744 45
550 46
460 42
803 7
117 44
834 25
953 5
714 15
677 23
719 44
332 44
358 26
532 49
203 44
168 46
151 36
220 19
847 24
893 3
467 11
874 42
58 21
33 50
57 17
455 9
751 38
114 21
78 39
987 39
138 40
877 28
925 33
217 25
116 40
564 37
130 22
259 25
70 28
989 13
251 29
976 40
545 41
769 15
129 18
945 4
625 13
448 17
250 46
339 2
66 39
810 47
657 40
585 43
571 38
