2 35
3 21
22 9
23 44
33 50
57 17
58 21
66 39
70 28
78 39
96 16
114 21
116 40
117 44
126 38
129 18
130 22
138 40
139 33
146 29
151 36
160 3
168 46
170 38
173 44
182 29
183 18
184 62
190 37
203 44
211 42
214 40
217 25
220 19
226 20
249 95
250 46
251 29
253 22
256 21
257 19
259 25
260 26
265 16
269 14
278 36
284 37
291 6
293 19
296 33
297 55
300 23
306 33
308 46
311 14
313 39
317 32
325 31
330 29
331 6
332 44
333 22
334 47
339 2
348 48
350 31
352 50
358 26
362 32
365 50
367 14
371 21
374 17
375 2
377 13
380 33
392 6
396 34
404 26
409 9
413 23
421 27
431 5
433 3
436 46
438 12
440 18
448 17
451 31
452 26
453 14
455 9
456 32
458 28
460 42
464 3
467 11
470 7
472 23
479 24
481 46
483 45
486 2
495 45
500 14
511 13
516 3
517 39
523 5
524 6
529 42
532 49
535 21
543 45
545 41
546 5
547 19
550 46
551 26
558 36
562 33
564 37
567 12
571 38
577 44
578 40
580 11
585 43
588 33
589 20
590 12
597 41
599 36
600 13
610 23
613 44
617 78
623 34
625 13
630 40
632 2
645 31
646 39
647 41
650 43
651 13
652 29
657 40
659 64
663 39
668 2
670 35
671 7
673 21
676 7
677 23
679 42
690 47
693 25
703 6
704 20
714 15
719 44
728 10
731 27
732 48
735 26
739 35
742 40
744 45
751 38
753 46
761 48
767 48
769 15
770 26
781 50
785 27
788 78
801 43
802 29
803 7
804 20
810 47
811 16
821 14
822 133
831 41
834 25
835 42
838 95
843 9
844 28
846 8
847 24
866 34
867 38
874 42
877 28
889 66
892 90
893 3
903 13
905 32
910 30
914 7
916 33
920 43
925 33
933 14
934 17
935 33
945 4
947 50
951 53
953 5
955 19
958 48
965 33
970 39
972 20
974 26
976 40
980 82
985 50
987 39
988 7
989 13
990 30
994 7
998 11
999 64
